5000
4999
4998
4998
4996
4994
4994
4993
4990
4990
4988
4987
4987
4986
4986
4986
4985
4985
4984
4983
4982
4982
4982
4981
4981
4980
4979
4978
4976
4976
4975
4972
4971
4971
4968
4967
4964
4963
4962
4961
4960
4960
4960
4957
4957
4956
4954
4953
4948
4948
4948
4948
4946
4946
4945
4944
4943
4943
4941
4941
4938
4937
4937
4936
4935
4931
4931
4930
4930
4929
4924
4923
4922
4921
4921
4920
4919
4914
4910
4909
4909
4907
4906
4904
4903
4901
4901
4900
4900
4900
4899
4898
4896
4895
4895
4894
4892
4890
4890
4887
4886
4885
4883
4883
4883
4882
4882
4882
4880
4879
4878
4878
4877
4874
4871
4866
4865
4865
4864
4860
4859
4859
4857
4857
4857
4857
4855
4855
4854
4853
4853
4852
4852
4851
4850
4850
4848
4847
4847
4845
4844
4843
4841
4841
4839
4839
4838
4836
4835
4835
4833
4832
4831
4831
4831
4830
4828
4828
4826
4826
4824
4824
4823
4818
4817
4816
4814
4814
4813
4813
4813
4811
4809
4808
4808
4808
4808
4805
4804
4803
4801
4800
4800
4796
4795
4792
4792
4792
4789
4788
4788
4787
4785
4784
4778
4777
4776
4775
4775
4774
4773
4771
4771
4770
4770
4769
4769
4769
4768
4767
4767
4765
4761
4761
4758
4758
4756
4754
4753
4753
4751
4751
4747
4746
4746
4746
4743
4743
4743
4743
4741
4741
4740
4740
4739
4739
4738
4736
4734
4732
4731
4731
4730
4730
4728
4728
4727
4726
4726
4726
4725
4724
4723
4723
4721
4720
4719
4718
4718
4717
4716
4716
4716
4715
4715
4714
4714
4714
4713
4712
4709
4708
4708
4707
4706
4705
4704
4703
4703
4702
4702
4701
4701
4701
4699
4698
4698
4696
4695
4692
4692
4692
4691
4690
4689
4689
4688
4686
4685
4682
4681
4680
4680
4679
4679
4678
4677
4677
4677
4676
4676
4675
4675
4671
4670
4669
4668
4668
4666
4665
4665
4663
4663
4663
4662
4661
4661
4660
4659
4658
4658
4656
4656
4654
4653
4652
4652
4651
4650
4649
4649
4649
4648
4647
4647
4647
4646
4642
4638
4638
4638
4637
4636
4635
4634
4634
4633
4633
4633
4632
4631
4630
4628
4628
4623
4623
4621
4620
4618
4618
4617
4617
4616
4616
4615
4613
4613
4612
4611
4611
4610
4609
4609
4607
4607
4606
4603
4602
4602
4600
4600
4599
4598
4596
4594
4594
4593
4592
4592
4592
4592
4592
4591
4590
4590
4590
4590
4588
4585
4583
4582
4582
4581
4579
4578
4577
4576
4575
4574
4573
4572
4571
4570
4568
4568
4567
4567
4566
4566
4562
4562
4561
4561
4560
4558
4558
4558
4555
4554
4554
4553
4553
4549
4547
4546
4545
4543
4543
4543
4539
4539
4538
4533
4530
4530
4529
4528
4528
4527
4527
4526
4526
4526
4524
4524
4522
4521
4520
4519
4519
4515
4513
4511
4511
4510
4508
4507
4506
4503
4502
4500
4499
4498
4498
4498
4496
4495
4494
4491
4491
4490
4485
4485
4485
4484
4483
4482
4482
4480
4480
4480
4479
4478
4478
4478
4477
4474
4473
4472
4471
4471
4467
4467
4463
4462
4459
4459
4459
4457
4456
4454
4454
4454
4452
4452
4452
4452
4450
4449
4449
4447
4443
4442
4440
4440
4440
4439
4437
4436
4436
4436
4434
4433
4432
4432
4431
4431
4429
4428
4427
4426
4425
4425
4424
4423
4423
4422
4422
4422
4422
4421
4420
4419
4418
4414
4413
4412
4411
4411
4410
4410
4408
4406
4404
4404
4403
4402
4401
4401
4399
4397
4397
4396
4394
4393
4393
4391
4391
4390
4390
4390
4389
4388
4388
4385
4385
4383
4381
4379
4378
4377
4374
4372
4372
4370
4367
4365
4364
4363
4362
4361
4361
4360
4359
4359
4359
4356
4354
4353
4352
4351
4350
4350
4349
4345
4343
4342
4336
4335
4333
4331
4330
4330
4330
4329
4327
4327
4326
4326
4326
4324
4324
4322
4322
4318
4317
4317
4316
4315
4314
4314
4312
4312
4310
4307
4305
4304
4300
4299
4298
4297
4296
4295
4294
4293
4293
4292
4292
4290
4290
4289
4289
4285
4282
4281
4280
4280
4279
4278
4276
4275
4275
4273
4272
4269
4268
4266
4265
4265
4263
4262
4261
4261
4261
4260
4260
4260
4257
4257
4254
4254
4253
4252
4252
4248
4247
4246
4245
4244
4242
4241
4240
4237
4237
4237
4235
4235
4234
4233
4231
4230
4227
4226
4225
4224
4224
4224
4223
4222
4222
4222
4222
4222
4221
4220
4220
4219
4218
4216
4216
4216
4215
4215
4213
4212
4211
4211
4211
4206
4205
4201
4201
4197
4196
4196
4195
4193
4191
4191
4190
4187
4187
4185
4183
4183
4182
4181
4180
4178
4177
4177
4176
4176
4173
4173
4172
4171
4171
4171
4170
4168
4168
4166
4166
4162
4157
4157
4155
4154
4154
4151
4151
4151
4148
4147
4146
4142
4141
4140
4139
4138
4138
4137
4137
4136
4136
4136
4136
4136
4135
4134
4133
4132
4129
4128
4128
4127
4127
4127
4126
4125
4122
4122
4121
4119
4118
4116
4116
4113
4112
4110
4109
4108
4106
4104
4103
4103
4099
4099
4098
4098
4097
4096
4095
4095
4094
4094
4093
4091
4091
4090
4089
4089
4088
4084
4083
4081
4079
4075
4073
4073
4072
4072
4071
4071
4071
4070
4069
4069
4068
4066
4066
4064
4061
4060
4060
4060
4059
4059
4058
4056
4056
4055
4053
4052
4052
4051
4051
4050
4049
4049
4047
4047
4046
4045
4043
4041
4040
4039
4038
4038
4037
4036
4036
4031
4031
4031
4029
4029
4029
4029
4028
4028
4028
4026
4025
4023
4021
4021
4021
4018
4018
4017
4017
4015
4015
4015
4015
4014
4013
4013
4010
4010
4010
4009
4009
4009
4009
4006
4004
4004
4003
4003
4003
4002
4002
4000
3997
3997
3995
3994
3993
3993
3991
3990
3990
3990
3987
3985
3985
3983
3983
3983
3982
3982
3981
3980
3979
3978
3978
3978
3977
3976
3975
3975
3972
3971
3970
3968
3968
3968
3968
3967
3966
3966
3962
3961
3960
3960
3958
3957
3957
3957
3954
3952
3951
3951
3951
3950
3949
3947
3945
3943
3942
3940
3938
3936
3934
3932
3932
3930
3927
3926
3925
3924
3923
3921
3921
3921
3921
3921
3917
3917
3916
3915
3914
3914
3914
3914
3913
3911
3911
3908
3906
3905
3904
3904
3902
3902
3900
3897
3897
3895
3895
3888
3887
3881
3881
3881
3880
3879
3878
3877
3876
3876
3875
3875
3875
3874
3871
3871
3870
3870
3869
3868
3866
3866
3866
3864
3864
3863
3863
3862
3860
3859
3858
3858
3855
3854
3854
3854
3852
3851
3848
3847
3844
3843
3842
3842
3840
3840
3838
3836
3836
3836
3833
3832
3831
3830
3827
3827
3826
3826
3826
3824
3823
3822
3822
3817
3817
3817
3816
3814
3812
3807
3805
3805
3802
3801
3798
3797
3793
3792
3792
3791
3789
3785
3785
3784
3781
3781
3781
3780
3778
3777
3776
3775
3774
3774
3773
3773
3770
3767
3767
3767
3765
3764
3762
3762
3759
3759
3759
3758
3757
3756
3755
3755
3754
3753
3753
3750
3745
3744
3744
3743
3743
3738
3738
3738
3737
3736
3735
3734
3731
3731
3731
3729
3728
3727
3726
3726
3726
3725
3723
3723
3721
3720
3720
3720
3720
3719
3716
3715
3713
3713
3710
3708
3705
3704
3704
3704
3700
3698
3697
3697
3697
3696
3695
3695
3692
3691
3690
3688
3688
3685
3681
3680
3677
3673
3673
3671
3671
3671
3670
3669
3669
3667
3666
3664
3662
3655
3654
3654
3653
3652
3652
3652
3651
3649
3648
3648
3648
3648
3647
3647
3646
3642
3641
3639
3639
3634
3633
3632
3632
3629
3629
3628
3628
3626
3626
3625
3624
3623
3623
3622
3622
3621
3619
3619
3619
3616
3615
3615
3615
3613
3613
3612
3611
3611
3609
3609
3606
3606
3605
3602
3601
3600
3599
3599
3598
3597
3594
3590
3589
3589
3589
3587
3585
3583
3582
3582
3581
3580
3574
3573
3569
3569
3568
3567
3565
3565
3565
3564
3564
3564
3561
3561
3559
3558
3558
3557
3556
3554
3553
3550
3548
3548
3547
3547
3547
3543
3543
3543
3542
3542
3542
3540
3539
3536
3535
3535
3535
3533
3533
3528
3528
3526
3526
3523
3522
3522
3518
3517
3516
3516
3513
3513
3511
3509
3503
3500
3498
3498
3497
3496
3495
3492
3490
3490
3490
3490
3488
3488
3488
3487
3487
3486
3486
3484
3484
3483
3483
3483
3482
3482
3482
3481
3480
3479
3478
3478
3477
3477
3475
3472
3471
3471
3469
3469
3468
3467
3467
3467
3465
3463
3462
3461
3461
3461
3460
3460
3458
3458
3457
3457
3454
3453
3453
3452
3452
3449
3449
3448
3447
3446
3445
3445
3444
3444
3443
3442
3442
3441
3440
3440
3439
3439
3438
3435
3435
3434
3429
3428
3427
3427
3427
3427
3427
3425
3424
3423
3421
3420
3418
3418
3418
3416
3414
3411
3410
3410
3410
3410
3406
3406
3405
3404
3401
3398
3397
3396
3396
3395
3394
3390
3390
3386
3384
3384
3383
3382
3381
3381
3379
3379
3378
3378
3378
3377
3377
3375
3374
3374
3374
3373
3373
3372
3371
3369
3369
3368
3368
3365
3364
3362
3362
3361
3358
3357
3357
3357
3356
3355
3355
3355
3354
3354
3351
3350
3349
3349
3349
3342
3340
3340
3339
3339
3339
3339
3337
3336
3336
3335
3334
3333
3332
3331
3330
3329
3329
3328
3327
3324
3321
3321
3321
3320
3320
3320
3319
3319
3318
3317
3317
3316
3315
3315
3314
3314
3312
3309
3308
3306
3306
3305
3304
3304
3301
3301
3300
3300
3299
3298
3295
3294
3290
3289
3288
3287
3286
3286
3284
3283
3282
3281
3279
3277
3277
3275
3274
3273
3271
3269
3268
3268
3266
3266
3263
3263
3260
3259
3259
3258
3257
3257
3256
3254
3253
3253
3250
3248
3244
3244
3243
3240
3240
3238
3238
3238
3238
3234
3234
3232
3232
3232
3231
3231
3231
3228
3227
3226
3226
3225
3224
3224
3223
3222
3222
3221
3219
3219
3219
3216
3216
3216
3215
3214
3213
3213
3212
3211
3208
3208
3207
3204
3203
3201
3201
3200
3200
3199
3199
3198
3198
3196
3194
3191
3190
3190
3190
3189
3188
3187
3186
3186
3183
3182
3182
3180
3180
3179
3176
3176
3175
3175
3175
3174
3174
3173
3172
3172
3169
3168
3168
3167
3165
3164
3163
3161
3160
3158
3156
3156
3155
3153
3152
3151
3151
3151
3148
3147
3147
3147
3147
3145
3144
3141
3139
3139
3135
3135
3128
3127
3124
3123
3122
3121
3119
3119
3118
3117
3116
3115
3114
3108
3105
3105
3100
3100
3099
3099
3097
3096
3096
3096
3095
3094
3093
3091
3090
3089
3089
3087
3087
3087
3087
3084
3083
3082
3076
3075
3073
3072
3069
3068
3067
3066
3064
3063
3063
3062
3062
3061
3060
3060
3059
3058
3057
3055
3050
3049
3046
3046
3045
3043
3043
3043
3040
3040
3037
3036
3036
3036
3034
3033
3032
3032
3031
3031
3030
3030
3028
3028
3024
3023
3023
3023
3021
3018
3017
3016
3014
3012
3012
3012
3011
3011
3010
3009
3006
3006
3006
3000
3000
2999
2998
2994
2994
2994
2993
2992
2992
2992
2991
2990
2989
2988
2988
2987
2987
2987
2986
2985
2984
2981
2979
2979
2978
2978
2977
2976
2974
2971
2971
2969
2968
2968
2965
2964
2964
2962
2962
2960
2960
2959
2959
2958
2956
2956
2955
2954
2952
2950
2949
2947
2945
2943
2943
2941
2938
2936
2935
2935
2933
2931
2931
2931
2929
2927
2926
2925
2924
2923
2921
2920
2920
2917
2914
2911
2909
2909
2909
2908
2908
2901
2900
2900
2900
2900
2899
2894
2893
2892
2892
2891
2890
2889
2889
2889
2889
2888
2887
2886
2885
2884
2883
2882
2882
2882
2881
2879
2877
2877
2872
2872
2872
2871
2870
2868
2867
2867
2866
2866
2865
2864
2863
2861
2861
2860
2860
2859
2858
2858
2858
2857
2855
2853
2849
2847
2847
2847
2846
2845
2845
2844
2843
2841
2840
2839
2839
2838
2836
2834
2834
2833
2832
2830
2829
2828
2827
2827
2826
2825
2819
2818
2817
2817
2815
2815
2814
2813
2810
2809
2809
2809
2808
2807
2807
2801
2800
2799
2799
2798
2796
2795
2794
2794
2791
2790
2789
2789
2788
2786
2786
2786
2784
2784
2782
2782
2780
2779
2779
2777
2774
2772
2772
2771
2770
2769
2769
2768
2768
2768
2765
2765
2764
2764
2763
2760
2759
2757
2757
2755
2755
2753
2752
2752
2750
2749
2748
2745
2745
2744
2743
2741
2740
2739
2738
2738
2738
2737
2737
2735
2732
2732
2731
2730
2728
2727
2727
2726
2725
2724
2724
2724
2722
2721
2719
2718
2716
2714
2714
2713
2712
2710
2707
2706
2705
2704
2704
2700
2697
2694
2692
2691
2689
2685
2684
2684
2683
2683
2678
2676
2676
2674
2673
2672
2672
2672
2671
2670
2669
2668
2668
2667
2666
2665
2664
2663
2662
2661
2659
2659
2658
2658
2657
2654
2652
2652
2651
2648
2646
2644
2644
2642
2639
2639
2639
2636
2635
2635
2633
2631
2630
2629
2629
2629
2626
2625
2625
2624
2620
2620
2620
2620
2616
2616
2616
2614
2614
2611
2605
2604
2604
2603
2602
2602
2599
2597
2595
2595
2593
2593
2592
2591
2591
2590
2589
2589
2589
2589
2587
2587
2587
2586
2585
2585
2584
2583
2581
2581
2579
2578
2577
2576
2576
2575
2575
2574
2573
2571
2570
2569
2569
2568
2568
2567
2564
2563
2563
2562
2561
2561
2560
2559
2557
2554
2554
2553
2553
2551
2551
2550
2549
2548
2543
2543
2543
2542
2540
2539
2539
2537
2537
2535
2535
2532
2531
2530
2529
2528
2528
2525
2523
2522
2522
2519
2519
2518
2518
2518
2518
2518
2517
2517
2516
2514
2512
2512
2511
2511
2509
2508
2504
2504
2503
2503
2502
2499
2499
2499
2498
2498
2496
2494
2494
2493
2493
2492
2488
2486
2483
2483
2479
2478
2478
2477
2477
2475
2475
2475
2475
2475
2475
2474
2474
2473
2472
2472
2467
2465
2464
2461
2461
2458
2457
2456
2455
2454
2453
2452
2452
2451
2450
2450
2450
2450
2449
2449
2449
2448
2448
2447
2443
2443
2441
2440
2440
2437
2433
2433
2433
2433
2432
2429
2428
2426
2425
2424
2423
2423
2423
2420
2420
2420
2419
2418
2417
2414
2414
2411
2410
2408
2407
2406
2405
2404
2404
2404
2403
2403
2402
2400
2397
2396
2396
2396
2396
2395
2392
2392
2392
2390
2390
2389
2389
2388
2386
2384
2383
2383
2383
2383
2382
2382
2382
2381
2378
2376
2375
2374
2373
2372
2370
2368
2368
2364
2363
2363
2362
2360
2359
2358
2357
2355
2354
2352
2352
2350
2349
2347
2346
2345
2344
2344
2342
2342
2341
2341
2341
2340
2340
2338
2338
2337
2336
2334
2332
2331
2331
2330
2329
2329
2328
2325
2324
2323
2323
2323
2321
2318
2318
2317
2316
2315
2315
2315
2314
2314
2313
2312
2311
2310
2307
2305
2305
2304
2304
2303
2302
2300
2298
2297
2296
2296
2294
2292
2291
2289
2289
2289
2288
2287
2285
2284
2284
2284
2283
2281
2280
2280
2277
2276
2276
2273
2271
2271
2270
2269
2266
2265
2264
2264
2264
2262
2262
2261
2258
2256
2253
2251
2248
2247
2247
2247
2247
2245
2243
2243
2242
2241
2239
2235
2230
2230
2229
2229
2229
2228
2227
2226
2226
2225
2222
2219
2219
2218
2218
2215
2213
2213
2210
2210
2208
2204
2204
2203
2201
2199
2198
2197
2197
2193
2192
2191
2190
2190
2189
2187
2186
2186
2186
2185
2182
2181
2181
2180
2179
2178
2177
2176
2176
2173
2171
2170
2168
2166
2166
2166
2164
2163
2163
2161
2160
2159
2159
2155
2155
2149
2148
2148
2147
2147
2146
2145
2144
2143
2141
2140
2140
2139
2137
2137
2137
2135
2133
2133
2132
2131
2129
2128
2127
2122
2122
2121
2121
2120
2120
2118
2117
2117
2115
2115
2114
2113
2113
2112
2112
2111
2111
2110
2109
2108
2105
2104
2104
2103
2102
2102
2099
2097
2097
2097
2095
2094
2094
2091
2087
2086
2085
2084
2084
2083
2082
2080
2077
2077
2076
2076
2075
2074
2073
2072
2071
2070
2070
2070
2069
2068
2067
2067
2067
2067
2066
2064
2063
2062
2062
2062
2061
2060
2058
2057
2056
2055
2054
2054
2053
2052
2050
2049
2049
2047
2047
2047
2046
2046
2045
2045
2043
2042
2041
2041
2040
2040
2040
2038
2038
2037
2037
2036
2035
2034
2033
2033
2032
2029
2028
2027
2026
2026
2026
2024
2022
2022
2019
2019
2017
2015
2015
2014
2013
2013
2011
2010
2009
2009
2009
2009
2009
2009
2008
2008
2008
2008
2008
2007
2007
2005
2005
2004
2004
2003
2001
2000
2000
2000
1998
1998
1997
1996
1996
1994
1993
1992
1992
1991
1990
1989
1989
1989
1988
1987
1986
1984
1983
1981
1981
1980
1980
1979
1978
1978
1978
1978
1977
1977
1975
1974
1973
1973
1973
1971
1969
1968
1968
1966
1965
1964
1964
1962
1961
1959
1955
1951
1949
1945
1940
1939
1939
1936
1936
1932
1932
1931
1930
1929
1929
1929
1928
1928
1926
1926
1926
1925
1923
1921
1921
1920
1919
1917
1917
1914
1913
1913
1913
1913
1912
1912
1911
1911
1911
1909
1908
1907
1905
1905
1901
1901
1900
1899
1898
1898
1895
1890
1890
1889
1888
1887
1886
1884
1882
1881
1880
1878
1878
1877
1876
1875
1874
1874
1873
1870
1870
1869
1869
1869
1868
1868
1865
1862
1860
1859
1856
1854
1854
1853
1853
1852
1851
1850
1849
1849
1847
1847
1847
1846
1846
1846
1845
1843
1842
1841
1839
1839
1837
1837
1835
1832
1830
1829
1829
1829
1828
1827
1827
1826
1826
1826
1825
1822
1821
1819
1815
1814
1812
1812
1811
1811
1810
1809
1807
1806
1806
1805
1803
1803
1802
1799
1799
1794
1793
1793
1793
1789
1786
1786
1786
1786
1785
1784
1783
1783
1780
1779
1778
1778
1777
1777
1777
1777
1777
1776
1776
1775
1774
1773
1772
1770
1770
1769
1768
1767
1765
1763
1762
1761
1760
1759
1757
1756
1755
1754
1753
1753
1751
1749
1747
1746
1746
1745
1745
1742
1742
1741
1741
1739
1739
1739
1738
1738
1737
1733
1733
1732
1731
1727
1726
1724
1723
1723
1722
1721
1720
1717
1717
1716
1711
1710
1709
1708
1707
1706
1705
1701
1700
1700
1697
1697
1696
1695
1694
1693
1692
1691
1691
1691
1689
1689
1688
1687
1685
1682
1682
1678
1678
1678
1678
1677
1677
1677
1674
1674
1666
1664
1664
1663
1661
1661
1660
1660
1659
1659
1659
1657
1657
1657
1656
1655
1655
1652
1651
1651
1650
1649
1648
1646
1645
1645
1645
1645
1644
1643
1643
1641
1639
1639
1639
1636
1629
1629
1627
1626
1622
1621
1621
1620
1620
1619
1614
1614
1608
1608
1607
1607
1606
1601
1601
1600
1600
1598
1598
1598
1597
1597
1596
1596
1595
1594
1592
1592
1592
1590
1588
1588
1587
1585
1584
1583
1583
1581
1580
1580
1579
1578
1576
1575
1572
1572
1570
1568
1565
1565
1563
1563
1560
1560
1558
1554
1553
1551
1551
1550
1550
1550
1548
1547
1547
1545
1544
1544
1543
1540
1538
1538
1538
1537
1537
1535
1534
1532
1531
1531
1530
1529
1529
1529
1528
1527
1527
1526
1526
1524
1523
1523
1522
1522
1520
1519
1518
1518
1517
1517
1517
1516
1516
1514
1514
1511
1507
1505
1505
1504
1503
1500
1499
1497
1497
1494
1494
1494
1492
1491
1491
1490
1489
1487
1487
1487
1487
1487
1485
1485
1485
1483
1481
1480
1480
1480
1479
1478
1478
1470
1470
1467
1466
1466
1466
1461
1461
1459
1459
1459
1457
1456
1456
1453
1453
1452
1450
1446
1442
1441
1441
1440
1440
1440
1439
1437
1437
1434
1433
1431
1430
1428
1428
1428
1425
1423
1423
1423
1421
1419
1419
1419
1417
1415
1415
1414
1414
1414
1410
1409
1409
1409
1407
1406
1404
1403
1403
1401
1401
1399
1399
1399
1398
1395
1394
1392
1391
1390
1389
1388
1387
1387
1386
1385
1384
1384
1383
1383
1382
1381
1380
1379
1378
1376
1376
1375
1375
1374
1373
1371
1371
1371
1370
1370
1367
1364
1364
1361
1359
1358
1355
1354
1352
1352
1351
1350
1349
1349
1349
1349
1348
1345
1345
1344
1342
1342
1341
1339
1336
1335
1335
1335
1334
1331
1329
1325
1325
1322
1321
1321
1320
1316
1315
1312
1312
1311
1310
1309
1308
1305
1302
1301
1299
1299
1298
1298
1298
1293
1292
1290
1290
1288
1287
1287
1284
1284
1283
1282
1281
1279
1278
1275
1274
1273
1270
1269
1268
1268
1266
1265
1264
1264
1262
1262
1261
1261
1260
1259
1258
1258
1258
1258
1257
1257
1257
1254
1252
1251
1251
1251
1250
1250
1250
1248
1245
1244
1243
1243
1243
1240
1240
1238
1238
1238
1237
1235
1234
1233
1232
1230
1229
1227
1226
1226
1225
1224
1221
1221
1219
1218
1215
1214
1205
1204
1204
1203
1203
1200
1198
1197
1194
1192
1192
1190
1186
1184
1182
1180
1179
1178
1177
1177
1175
1175
1174
1172
1172
1169
1167
1164
1163
1160
1158
1158
1156
1156
1156
1154
1151
1150
1150
1147
1146
1145
1143
1143
1141
1141
1141
1140
1138
1137
1137
1137
1134
1132
1131
1130
1127
1127
1125
1122
1121
1120
1120
1120
1119
1118
1118
1118
1116
1116
1114
1114
1113
1109
1107
1105
1102
1101
1097
1094
1094
1093
1093
1091
1091
1087
1085
1085
1084
1084
1082
1082
1080
1078
1077
1075
1074
1074
1073
1072
1072
1071
1069
1068
1067
1067
1065
1064
1064
1062
1062
1061
1060
1059
1058
1057
1057
1056
1056
1054
1054
1053
1051
1049
1048
1048
1047
1046
1045
1045
1044
1042
1041
1041
1040
1040
1038
1037
1036
1034
1034
1033
1031
1029
1029
1029
1028
1025
1024
1024
1018
1014
1012
1012
1008
1008
1007
1006
1005
1001
1001
1001
997
996
996
994
993
992
991
991
990
990
990
989
989
989
989
986
986
981
981
980
979
978
977
975
975
974
974
974
973
972
972
970
970
970
969
968
968
967
966
966
965
965
961
961
961
960
960
960
958
956
956
956
954
954
952
952
951
949
948
948
945
943
942
935
934
933
929
929
929
928
927
926
924
923
923
921
920
919
917
917
917
913
912
911
909
909
908
908
906
905
905
904
904
904
904
903
901
900
900
898
896
895
893
893
892
892
889
887
886
885
885
884
884
883
882
882
882
881
880
880
878
878
878
878
876
876
875
874
874
873
873
870
869
868
867
866
866
864
864
862
862
862
861
860
860
858
856
854
854
854
853
852
851
851
848
846
845
845
845
844
844
842
839
838
835
835
835
835
834
833
829
828
826
825
824
822
821
818
817
816
816
814
814
814
813
812
812
808
807
806
804
803
803
803
802
802
801
799
798
797
796
796
794
792
792
791
788
788
788
788
785
784
782
780
777
774
771
771
770
769
768
765
765
763
762
762
762
762
761
759
758
758
758
757
757
754
753
752
750
749
749
745
744
743
739
739
738
737
735
732
729
728
725
723
722
722
722
719
717
717
716
715
714
713
712
709
708
708
705
705
705
703
703
702
701
701
700
700
700
696
694
693
692
692
692
692
691
688
687
686
686
686
684
681
680
678
677
676
673
673
670
669
669
668
666
665
664
663
662
661
660
655
652
651
650
649
648
646
645
645
645
644
643
643
643
641
640
639
638
637
636
636
633
632
632
631
631
630
630
629
629
628
627
626
626
623
622
622
621
621
621
620
620
618
616
616
614
614
613
611
611
609
607
606
606
605
605
602
602
601
601
600
598
597
596
595
592
590
590
590
589
589
588
588
588
587
586
585
585
584
584
582
582
581
580
579
579
579
579
579
576
574
574
573
573
573
572
571
569
568
567
565
563
559
559
558
558
558
558
557
557
557
555
554
550
549
549
548
547
547
545
545
545
544
543
543
543
541
540
539
538
538
533
533
532
528
528
526
524
523
519
517
515
515
514
514
513
513
512
512
511
511
510
508
506
506
505
505
505
505
504
504
502
502
501
500
499
497
493
493
490
489
486
485
484
484
482
481
481
479
478
476
476
476
476
475
475
474
474
474
471
469
469
467
466
466
466
466
466
465
465
465
465
464
462
461
461
461
460
460
458
454
454
453
452
452
451
450
449
449
449
447
447
446
443
441
437
436
436
435
434
434
432
432
432
431
430
429
429
424
424
424
424
424
421
421
420
419
419
417
416
414
412
409
408
407
406
405
405
405
403
402
401
400
397
396
396
396
394
393
391
389
388
388
388
386
381
380
379
378
375
375
373
373
372
372
370
368
367
366
365
362
362
361
360
359
357
356
356
355
355
354
351
350
348
348
347
347
341
338
338
337
336
336
336
336
335
334
333
332
332
331
331
330
330
330
326
325
324
324
323
323
322
321
321
320
320
320
318
317
316
314
314
313
313
311
310
310
310
308
307
307
307
307
306
306
305
300
300
300
299
298
296
296
293
292
289
289
286
286
284
282
281
276
275
275
273
273
273
273
271
271
271
270
268
268
268
266
266
265
265
264
264
263
263
262
262
261
258
256
255
251
251
251
249
249
248
248
247
247
245
245
245
245
244
243
242
241
238
237
236
236
236
235
235
233
233
232
231
231
231
230
230
229
228
227
227
225
225
224
223
219
216
216
215
213
211
210
208
208
206
206
205
204
202
201
200
197
196
195
195
194
191
191
190
185
185
183
183
182
181
175
172
169
168
167
164
163
162
159
157
157
155
154
154
154
153
149
148
148
146
145
144
142
141
141
141
140
138
138
136
134
132
132
132
130
130
129
129
127
127
125
123
121
117
115
115
113
113
112
111
110
110
109
109
108
106
106
106
105
105
104
104
104
102
101
99
97
96
95
94
92
92
91
91
89
89
88
87
86
82
82
79
77
76
74
72
71
68
67
64
61
57
56
56
54
51
47
46
45
45
43
41
40
39
38
36
34
34
33
33
33
32
30
29
29
29
29
29
28
26
25
24
24
21
21
20
19
18
18
16
14
14
12
9
9
8
5
5
4
4
4
3
2
2
1
0
0
-3
-3
-4
-6
-7
-8
-8
-11
-11
-12
-12
-13
-15
-15
-19
-21
-22
-22
-22
-23
-23
-24
-29
-30
-31
-33
-35
-39
-40
-41
-41
-42
-42
-43
-43
-45
-46
-46
-49
-50
-50
-51
-54
-55
-58
-58
-60
-61
-61
-61
-62
-62
-63
-63
-66
-67
-68
-68
-68
-70
-71
-74
-75
-75
-77
-80
-80
-80
-82
-82
-83
-85
-85
-86
-86
-86
-86
-87
-91
-92
-93
-94
-99
-99
-99
-104
-105
-108
-108
-108
-109
-111
-111
-113
-113
-115
-115
-116
-116
-121
-121
-122
-123
-124
-124
-124
-125
-125
-126
-127
-127
-128
-130
-130
-130
-131
-131
-132
-133
-134
-134
-136
-138
-139
-139
-140
-141
-141
-143
-143
-144
-145
-145
-145
-146
-147
-147
-148
-148
-151
-153
-154
-154
-155
-155
-155
-157
-158
-163
-166
-167
-169
-170
-171
-173
-175
-175
-176
-176
-177
-179
-180
-180
-184
-185
-186
-186
-188
-189
-191
-192
-194
-194
-195
-195
-198
-198
-200
-201
-201
-209
-212
-212
-212
-213
-213
-213
-217
-219
-219
-219
-219
-220
-220
-221
-222
-222
-226
-226
-226
-227
-227
-228
-230
-231
-231
-232
-233
-233
-234
-235
-235
-236
-238
-238
-239
-239
-241
-241
-242
-242
-244
-245
-246
-247
-247
-248
-250
-250
-250
-252
-253
-259
-260
-264
-265
-266
-266
-268
-269
-269
-271
-273
-274
-276
-276
-278
-278
-279
-280
-282
-283
-286
-289
-289
-289
-290
-291
-292
-294
-294
-295
-296
-297
-299
-302
-304
-304
-307
-308
-309
-311
-311
-312
-312
-312
-314
-314
-314
-315
-316
-318
-319
-320
-322
-323
-323
-323
-325
-326
-326
-329
-330
-331
-332
-332
-333
-333
-336
-337
-339
-340
-341
-342
-342
-342
-343
-343
-343
-344
-344
-345
-345
-345
-346
-346
-348
-348
-349
-349
-350
-350
-351
-352
-352
-356
-356
-359
-361
-361
-362
-363
-363
-364
-365
-365
-366
-366
-367
-367
-369
-369
-370
-371
-372
-373
-374
-376
-376
-377
-377
-379
-381
-382
-382
-383
-384
-388
-388
-390
-390
-392
-393
-393
-394
-394
-394
-395
-395
-396
-398
-402
-404
-404
-408
-409
-409
-409
-413
-415
-415
-416
-417
-417
-419
-419
-420
-420
-421
-425
-425
-425
-427
-429
-429
-431
-432
-432
-435
-436
-436
-440
-441
-442
-442
-447
-447
-448
-450
-451
-451
-451
-452
-452
-454
-454
-456
-456
-457
-458
-460
-460
-461
-462
-462
-465
-465
-466
-467
-468
-469
-469
-469
-473
-473
-474
-474
-474
-478
-478
-478
-479
-480
-480
-481
-482
-483
-483
-483
-485
-487
-488
-488
-488
-488
-489
-489
-490
-491
-492
-492
-492
-493
-495
-495
-496
-499
-500
-502
-503
-503
-504
-506
-507
-508
-508
-508
-509
-510
-510
-511
-512
-512
-515
-518
-518
-518
-518
-519
-519
-519
-520
-525
-526
-526
-526
-528
-528
-530
-530
-530
-530
-533
-535
-537
-538
-539
-540
-540
-541
-541
-541
-542
-542
-543
-543
-545
-546
-546
-547
-548
-549
-549
-549
-550
-551
-551
-552
-553
-554
-554
-554
-555
-556
-557
-558
-559
-559
-559
-561
-562
-563
-564
-566
-567
-569
-569
-569
-569
-569
-571
-571
-574
-575
-575
-576
-576
-577
-578
-579
-579
-579
-580
-580
-580
-582
-584
-585
-586
-586
-586
-588
-589
-589
-590
-590
-592
-592
-592
-592
-594
-597
-598
-599
-600
-602
-603
-603
-603
-604
-605
-605
-606
-606
-609
-609
-610
-610
-612
-612
-612
-612
-613
-615
-617
-617
-617
-618
-621
-621
-622
-623
-623
-624
-627
-628
-628
-628
-630
-630
-634
-635
-636
-637
-638
-639
-640
-640
-641
-642
-642
-643
-645
-646
-648
-648
-650
-650
-651
-651
-651
-652
-652
-654
-655
-656
-656
-656
-656
-657
-657
-658
-658
-659
-659
-661
-662
-662
-664
-666
-669
-670
-671
-671
-672
-673
-673
-675
-675
-676
-677
-677
-678
-678
-680
-682
-682
-682
-684
-684
-687
-689
-690
-690
-691
-693
-693
-694
-694
-696
-697
-697
-700
-702
-702
-703
-703
-705
-712
-713
-714
-715
-716
-718
-719
-722
-724
-724
-725
-725
-726
-726
-727
-727
-728
-728
-728
-731
-732
-732
-733
-734
-735
-735
-738
-740
-742
-744
-745
-747
-747
-749
-749
-751
-751
-751
-751
-754
-755
-758
-758
-759
-759
-761
-761
-761
-762
-765
-766
-767
-769
-769
-770
-770
-771
-771
-771
-771
-773
-775
-775
-778
-778
-779
-783
-783
-785
-788
-789
-791
-793
-793
-794
-794
-796
-797
-799
-799
-799
-799
-800
-802
-805
-807
-808
-809
-817
-817
-818
-820
-822
-823
-826
-827
-827
-831
-831
-831
-831
-831
-832
-834
-834
-834
-837
-838
-838
-838
-839
-839
-840
-840
-841
-845
-846
-847
-847
-848
-852
-852
-852
-853
-857
-860
-860
-861
-863
-871
-873
-873
-873
-875
-875
-878
-878
-878
-881
-882
-882
-882
-884
-884
-886
-887
-890
-890
-893
-894
-895
-896
-897
-897
-899
-899
-900
-902
-903
-905
-905
-905
-907
-907
-908
-909
-911
-913
-915
-915
-915
-915
-916
-916
-919
-920
-921
-924
-925
-925
-925
-926
-927
-928
-928
-928
-930
-931
-931
-934
-934
-935
-935
-936
-936
-937
-938
-938
-938
-939
-942
-942
-942
-943
-948
-949
-950
-950
-950
-950
-951
-952
-952
-955
-955
-956
-956
-956
-956
-957
-958
-958
-959
-959
-959
-960
-960
-961
-962
-962
-964
-964
-965
-966
-966
-970
-972
-974
-975
-977
-978
-978
-984
-986
-989
-990
-991
-991
-992
-995
-996
-996
-997
-998
-1000
-1000
-1001
-1001
-1001
-1003
-1003
-1003
-1004
-1005
-1007
-1008
-1008
-1009
-1010
-1011
-1011
-1015
-1015
-1015
-1016
-1017
-1018
-1018
-1019
-1020
-1020
-1021
-1022
-1023
-1024
-1024
-1025
-1025
-1025
-1026
-1027
-1027
-1028
-1029
-1030
-1031
-1034
-1034
-1036
-1037
-1039
-1039
-1040
-1041
-1042
-1042
-1043
-1044
-1044
-1045
-1045
-1046
-1047
-1050
-1051
-1052
-1052
-1053
-1053
-1055
-1056
-1057
-1058
-1058
-1059
-1061
-1061
-1061
-1064
-1065
-1067
-1067
-1068
-1068
-1068
-1069
-1069
-1069
-1072
-1073
-1074
-1074
-1075
-1076
-1076
-1080
-1081
-1082
-1083
-1085
-1089
-1090
-1094
-1095
-1096
-1096
-1099
-1102
-1102
-1102
-1104
-1105
-1105
-1108
-1109
-1111
-1114
-1115
-1117
-1117
-1117
-1117
-1118
-1119
-1121
-1124
-1125
-1127
-1127
-1128
-1133
-1133
-1133
-1134
-1134
-1134
-1134
-1138
-1139
-1139
-1140
-1140
-1144
-1146
-1148
-1150
-1150
-1150
-1151
-1151
-1151
-1152
-1154
-1155
-1157
-1159
-1162
-1163
-1163
-1164
-1164
-1167
-1168
-1168
-1170
-1171
-1171
-1172
-1172
-1172
-1173
-1174
-1175
-1176
-1177
-1179
-1179
-1182
-1184
-1184
-1185
-1185
-1187
-1190
-1192
-1194
-1194
-1194
-1195
-1196
-1198
-1201
-1203
-1205
-1205
-1207
-1208
-1209
-1209
-1209
-1209
-1210
-1211
-1215
-1215
-1216
-1216
-1217
-1219
-1219
-1220
-1221
-1223
-1224
-1226
-1232
-1232
-1234
-1236
-1238
-1241
-1241
-1243
-1247
-1249
-1249
-1249
-1250
-1251
-1253
-1255
-1255
-1255
-1256
-1256
-1258
-1259
-1260
-1261
-1263
-1263
-1264
-1265
-1266
-1267
-1269
-1269
-1272
-1272
-1273
-1274
-1275
-1276
-1278
-1278
-1278
-1279
-1279
-1279
-1283
-1284
-1289
-1290
-1291
-1291
-1292
-1292
-1293
-1296
-1296
-1298
-1298
-1298
-1300
-1301
-1302
-1305
-1307
-1307
-1307
-1307
-1307
-1308
-1312
-1313
-1314
-1315
-1316
-1318
-1319
-1319
-1323
-1323
-1326
-1327
-1328
-1328
-1328
-1330
-1332
-1334
-1334
-1336
-1336
-1337
-1337
-1337
-1337
-1339
-1343
-1346
-1347
-1348
-1349
-1350
-1351
-1353
-1353
-1353
-1354
-1354
-1354
-1355
-1358
-1360
-1360
-1361
-1362
-1362
-1363
-1364
-1364
-1365
-1365
-1366
-1367
-1367
-1367
-1369
-1369
-1369
-1371
-1371
-1371
-1372
-1374
-1375
-1376
-1377
-1378
-1378
-1378
-1379
-1384
-1384
-1385
-1385
-1386
-1389
-1389
-1391
-1394
-1395
-1395
-1397
-1398
-1400
-1401
-1403
-1404
-1405
-1405
-1405
-1406
-1408
-1410
-1410
-1412
-1413
-1413
-1414
-1416
-1416
-1417
-1417
-1418
-1418
-1418
-1419
-1420
-1424
-1427
-1429
-1431
-1434
-1434
-1436
-1438
-1440
-1440
-1441
-1441
-1443
-1444
-1446
-1446
-1446
-1446
-1447
-1451
-1452
-1456
-1458
-1458
-1458
-1459
-1460
-1460
-1465
-1466
-1468
-1468
-1468
-1468
-1470
-1472
-1473
-1474
-1474
-1475
-1477
-1478
-1483
-1483
-1486
-1488
-1488
-1488
-1489
-1490
-1490
-1491
-1493
-1494
-1494
-1496
-1496
-1500
-1504
-1505
-1505
-1505
-1507
-1509
-1510
-1512
-1512
-1513
-1513
-1514
-1514
-1515
-1516
-1519
-1519
-1520
-1522
-1524
-1525
-1527
-1527
-1528
-1528
-1529
-1530
-1530
-1530
-1533
-1534
-1535
-1536
-1537
-1537
-1538
-1538
-1538
-1540
-1541
-1542
-1544
-1546
-1546
-1548
-1549
-1553
-1558
-1559
-1562
-1562
-1563
-1563
-1563
-1563
-1564
-1564
-1564
-1565
-1567
-1568
-1569
-1570
-1570
-1570
-1570
-1572
-1573
-1573
-1574
-1575
-1576
-1576
-1578
-1579
-1582
-1584
-1584
-1585
-1585
-1586
-1587
-1588
-1588
-1592
-1592
-1593
-1595
-1595
-1596
-1596
-1596
-1596
-1597
-1598
-1598
-1600
-1601
-1601
-1601
-1603
-1603
-1604
-1605
-1605
-1609
-1609
-1609
-1610
-1611
-1612
-1612
-1613
-1614
-1615
-1615
-1615
-1616
-1617
-1619
-1620
-1620
-1620
-1622
-1623
-1624
-1624
-1625
-1629
-1629
-1633
-1633
-1636
-1637
-1638
-1639
-1641
-1641
-1642
-1644
-1644
-1646
-1647
-1647
-1650
-1652
-1653
-1654
-1654
-1655
-1660
-1660
-1661
-1662
-1665
-1665
-1666
-1666
-1667
-1668
-1670
-1671
-1673
-1674
-1678
-1679
-1680
-1681
-1682
-1682
-1683
-1685
-1685
-1685
-1686
-1687
-1688
-1692
-1692
-1693
-1694
-1694
-1695
-1696
-1697
-1698
-1700
-1703
-1704
-1705
-1705
-1706
-1706
-1707
-1708
-1708
-1708
-1708
-1712
-1713
-1716
-1716
-1717
-1719
-1719
-1720
-1721
-1721
-1722
-1724
-1724
-1725
-1725
-1727
-1729
-1734
-1735
-1736
-1737
-1739
-1741
-1742
-1743
-1743
-1746
-1748
-1748
-1753
-1753
-1757
-1758
-1758
-1760
-1760
-1761
-1762
-1762
-1763
-1763
-1765
-1766
-1768
-1769
-1772
-1773
-1775
-1776
-1776
-1776
-1777
-1777
-1778
-1778
-1779
-1780
-1781
-1781
-1781
-1784
-1785
-1786
-1787
-1790
-1791
-1796
-1797
-1797
-1798
-1799
-1801
-1803
-1805
-1805
-1806
-1807
-1807
-1811
-1812
-1814
-1814
-1814
-1817
-1817
-1817
-1818
-1818
-1818
-1820
-1821
-1822
-1822
-1822
-1823
-1823
-1828
-1828
-1829
-1829
-1829
-1831
-1831
-1831
-1832
-1832
-1833
-1833
-1835
-1836
-1837
-1838
-1839
-1839
-1842
-1844
-1847
-1849
-1850
-1852
-1852
-1852
-1854
-1855
-1856
-1858
-1858
-1858
-1859
-1860
-1862
-1863
-1863
-1863
-1863
-1865
-1865
-1867
-1867
-1867
-1869
-1870
-1870
-1873
-1873
-1874
-1874
-1874
-1878
-1878
-1880
-1880
-1882
-1882
-1882
-1883
-1883
-1885
-1886
-1886
-1887
-1888
-1888
-1889
-1890
-1893
-1893
-1894
-1896
-1896
-1899
-1899
-1903
-1906
-1907
-1909
-1909
-1911
-1911
-1912
-1913
-1917
-1919
-1921
-1922
-1922
-1923
-1923
-1925
-1925
-1925
-1926
-1926
-1927
-1928
-1928
-1930
-1930
-1932
-1935
-1936
-1936
-1940
-1941
-1944
-1944
-1947
-1948
-1950
-1953
-1954
-1956
-1958
-1958
-1959
-1959
-1959
-1960
-1960
-1963
-1963
-1966
-1967
-1968
-1969
-1969
-1970
-1971
-1972
-1973
-1974
-1974
-1974
-1975
-1976
-1979
-1981
-1982
-1985
-1990
-1992
-1992
-1995
-1996
-1996
-1996
-1997
-1998
-2002
-2002
-2002
-2003
-2004
-2004
-2004
-2005
-2005
-2007
-2008
-2010
-2011
-2011
-2012
-2013
-2014
-2014
-2016
-2018
-2018
-2020
-2025
-2026
-2026
-2026
-2029
-2029
-2030
-2034
-2034
-2034
-2036
-2036
-2037
-2038
-2038
-2039
-2040
-2040
-2041
-2041
-2043
-2043
-2043
-2044
-2047
-2048
-2048
-2049
-2051
-2051
-2052
-2052
-2052
-2052
-2053
-2053
-2053
-2054
-2055
-2056
-2056
-2057
-2057
-2058
-2060
-2060
-2061
-2061
-2062
-2063
-2065
-2065
-2068
-2069
-2074
-2076
-2078
-2079
-2080
-2080
-2080
-2081
-2082
-2083
-2085
-2086
-2086
-2086
-2087
-2087
-2088
-2088
-2089
-2089
-2090
-2090
-2091
-2094
-2094
-2095
-2095
-2095
-2095
-2095
-2097
-2099
-2101
-2102
-2102
-2102
-2103
-2103
-2105
-2106
-2107
-2109
-2110
-2111
-2112
-2117
-2117
-2118
-2118
-2118
-2119
-2120
-2123
-2125
-2126
-2126
-2127
-2128
-2128
-2129
-2130
-2131
-2133
-2134
-2135
-2139
-2139
-2141
-2142
-2143
-2146
-2147
-2147
-2147
-2148
-2149
-2150
-2150
-2152
-2152
-2152
-2153
-2153
-2153
-2154
-2155
-2155
-2156
-2156
-2158
-2158
-2162
-2162
-2164
-2165
-2167
-2167
-2169
-2170
-2174
-2175
-2177
-2177
-2178
-2179
-2180
-2184
-2186
-2186
-2187
-2188
-2190
-2190
-2191
-2192
-2192
-2192
-2194
-2196
-2197
-2198
-2198
-2198
-2201
-2202
-2203
-2204
-2209
-2211
-2212
-2212
-2216
-2222
-2222
-2223
-2223
-2224
-2226
-2229
-2230
-2232
-2233
-2234
-2234
-2235
-2236
-2238
-2239
-2240
-2241
-2241
-2241
-2245
-2246
-2247
-2247
-2248
-2249
-2250
-2250
-2252
-2255
-2255
-2256
-2256
-2257
-2258
-2261
-2262
-2263
-2265
-2266
-2266
-2266
-2266
-2267
-2267
-2268
-2268
-2270
-2271
-2272
-2272
-2273
-2276
-2276
-2277
-2277
-2278
-2279
-2279
-2279
-2279
-2280
-2280
-2281
-2281
-2282
-2282
-2282
-2284
-2284
-2284
-2285
-2287
-2288
-2288
-2289
-2289
-2290
-2290
-2290
-2292
-2292
-2292
-2297
-2298
-2298
-2300
-2300
-2301
-2301
-2302
-2303
-2304
-2304
-2306
-2306
-2308
-2309
-2309
-2311
-2311
-2315
-2316
-2316
-2316
-2317
-2317
-2318
-2318
-2318
-2319
-2321
-2323
-2323
-2324
-2327
-2327
-2328
-2331
-2331
-2332
-2333
-2333
-2333
-2334
-2335
-2336
-2337
-2338
-2338
-2338
-2339
-2339
-2339
-2340
-2341
-2342
-2346
-2348
-2351
-2352
-2352
-2353
-2353
-2354
-2355
-2355
-2355
-2356
-2356
-2358
-2358
-2358
-2359
-2362
-2362
-2362
-2362
-2362
-2363
-2364
-2365
-2369
-2371
-2372
-2373
-2373
-2373
-2374
-2374
-2375
-2375
-2375
-2375
-2376
-2376
-2377
-2378
-2379
-2381
-2382
-2383
-2383
-2383
-2384
-2384
-2385
-2385
-2386
-2388
-2388
-2389
-2389
-2389
-2391
-2392
-2392
-2393
-2393
-2398
-2398
-2398
-2399
-2399
-2399
-2399
-2400
-2401
-2401
-2403
-2404
-2405
-2405
-2407
-2407
-2408
-2409
-2409
-2410
-2412
-2412
-2413
-2413
-2413
-2414
-2416
-2416
-2417
-2417
-2419
-2419
-2420
-2420
-2421
-2422
-2424
-2426
-2426
-2428
-2428
-2430
-2430
-2431
-2431
-2431
-2432
-2432
-2432
-2435
-2436
-2436
-2437
-2437
-2437
-2438
-2441
-2441
-2443
-2443
-2446
-2447
-2447
-2448
-2450
-2453
-2455
-2455
-2456
-2457
-2457
-2458
-2460
-2460
-2461
-2461
-2461
-2462
-2462
-2463
-2464
-2464
-2465
-2465
-2466
-2467
-2467
-2468
-2468
-2468
-2470
-2471
-2474
-2476
-2477
-2477
-2478
-2479
-2479
-2480
-2481
-2484
-2485
-2486
-2487
-2487
-2487
-2488
-2488
-2489
-2489
-2489
-2491
-2492
-2493
-2493
-2495
-2495
-2497
-2501
-2501
-2502
-2502
-2504
-2506
-2508
-2508
-2508
-2509
-2510
-2511
-2513
-2513
-2513
-2514
-2515
-2516
-2518
-2519
-2519
-2521
-2521
-2523
-2523
-2523
-2524
-2525
-2525
-2525
-2525
-2526
-2527
-2527
-2527
-2528
-2528
-2529
-2529
-2529
-2529
-2531
-2532
-2532
-2532
-2532
-2534
-2536
-2536
-2537
-2537
-2537
-2538
-2540
-2541
-2543
-2543
-2544
-2549
-2550
-2551
-2552
-2552
-2552
-2553
-2556
-2557
-2558
-2558
-2558
-2559
-2560
-2561
-2562
-2563
-2564
-2564
-2565
-2565
-2566
-2566
-2566
-2568
-2568
-2569
-2570
-2571
-2571
-2572
-2573
-2573
-2573
-2575
-2575
-2577
-2579
-2580
-2580
-2581
-2581
-2581
-2584
-2585
-2585
-2586
-2587
-2587
-2589
-2589
-2591
-2592
-2593
-2593
-2593
-2594
-2595
-2596
-2596
-2597
-2598
-2598
-2598
-2598
-2599
-2599
-2600
-2600
-2601
-2601
-2603
-2604
-2604
-2605
-2607
-2607
-2608
-2608
-2608
-2610
-2611
-2611
-2611
-2612
-2613
-2613
-2614
-2616
-2617
-2617
-2619
-2619
-2619
-2619
-2620
-2620
-2621
-2621
-2623
-2623
-2625
-2626
-2626
-2626
-2627
-2627
-2627
-2627
-2628
-2630
-2631
-2631
-2633
-2633
-2634
-2635
-2635
-2636
-2636
-2637
-2637
-2639
-2639
-2639
-2640
-2642
-2642
-2643
-2643
-2644
-2645
-2645
-2645
-2646
-2647
-2647
-2648
-2649
-2649
-2650
-2650
-2651
-2651
-2651
-2655
-2655
-2655
-2656
-2656
-2657
-2658
-2659
-2660
-2661
-2661
-2663
-2664
-2664
-2665
-2666
-2666
-2667
-2668
-2669
-2670
-2670
-2670
-2671
-2671
-2671
-2672
-2673
-2673
-2673
-2674
-2674
-2676
-2676
-2676
-2677
-2678
-2678
-2679
-2679
-2679
-2680
-2680
-2682
-2682
-2684
-2685
-2687
-2687
-2688
-2689
-2689
-2689
-2691
-2691
-2691
-2691
-2693
-2693
-2694
-2695
-2696
-2696
-2696
-2698
-2698
-2700
-2700
-2701
-2701
-2702
-2703
-2704
-2705
-2708
-2709
-2713
-2714
-2714
-2715
-2715
-2716
-2716
-2716
-2716
-2717
-2718
-2719
-2720
-2720
-2722
-2724
-2724
-2725
-2727
-2727
-2728
-2730
-2730
-2730
-2731
-2732
-2733
-2735
-2737
-2737
-2738
-2738
-2739
-2739
-2739
-2741
-2741
-2742
-2744
-2744
-2745
-2746
-2746
-2747
-2747
-2748
-2749
-2749
-2750
-2750
-2751
-2751
-2752
-2753
-2754
-2754
-2754
-2754
-2755
-2756
-2757
-2757
-2757
-2757
-2758
-2758
-2759
-2759
-2759
-2760
-2760
-2760
-2761
-2762
-2762
-2765
-2765
-2765
-2766
-2766
-2766
-2766
-2768
-2768
-2769
-2770
-2770
-2771
-2772
-2772
-2774
-2774
-2777
-2777
-2778
-2779
-2779
-2781
-2782
-2782
-2783
-2784
-2785
-2786
-2786
-2786
-2787
-2788
-2789
-2790
-2791
-2791
-2792
-2792
-2792
-2793
-2793
-2794
-2794
-2795
-2795
-2795
-2795
-2796
-2796
-2797
-2797
-2798
-2798
-2799
-2800
-2805
-2805
-2807
-2811
-2811
-2812
-2813
-2814
-2815
-2816
-2818
-2818
-2819
-2820
-2821
-2821
-2822
-2822
-2823
-2826
-2826
-2826
-2827
-2827
-2828
-2830
-2831
-2831
-2831
-2832
-2832
-2832
-2834
-2836
-2836
-2836
-2836
-2837
-2839
-2840
-2841
-2842
-2842
-2843
-2843
-2844
-2845
-2846
-2847
-2847
-2847
-2848
-2848
-2849
-2850
-2851
-2852
-2852
-2852
-2853
-2854
-2854
-2854
-2854
-2855
-2855
-2856
-2857
-2858
-2858
-2859
-2859
-2859
-2860
-2861
-2862
-2863
-2864
-2865
-2865
-2866
-2866
-2868
-2869
-2871
-2871
-2871
-2872
-2872
-2872
-2873
-2873
-2874
-2875
-2875
-2876
-2877
-2878
-2880
-2880
-2882
-2882
-2882
-2883
-2883
-2884
-2885
-2885
-2886
-2886
-2886
-2887
-2887
-2889
-2890
-2890
-2890
-2891
-2896
-2896
-2898
-2899
-2900
-2900
-2900
-2900
-2903
-2904
-2904
-2904
-2904
-2905
-2906
-2907
-2907
-2907
-2908
-2910
-2910
-2910
-2912
-2912
-2913
-2913
-2913
-2915
-2916
-2916
-2916
-2918
-2918
-2918
-2919
-2920
-2920
-2920
-2920
-2922
-2922
-2923
-2923
-2923
-2925
-2926
-2927
-2928
-2928
-2929
-2929
-2930
-2931
-2932
-2933
-2933
-2933
-2934
-2934
-2935
-2936
-2937
-2938
-2941
-2943
-2943
-2946
-2946
-2947
-2948
-2948
-2948
-2951
-2951
-2951
-2952
-2953
-2953
-2955
-2957
-2957
-2957
-2958
-2958
-2959
-2960
-2961
-2963
-2963
-2964
-2966
-2967
-2967
-2968
-2968
-2969
-2971
-2971
-2972
-2972
-2975
-2975
-2975
-2975
-2977
-2978
-2979
-2981
-2983
-2983
-2984
-2984
-2985
-2987
-2987
-2987
-2987
-2989
-2990
-2990
-2990
-2991
-2992
-2992
-2992
-2994
-2994
-2995
-2995
-2996
-2996
-2996
-2997
-2997
-2998
-2999
-2999
-3000
-3000
-3000
-3002
-3003
-3003
-3005
-3006
-3006
-3006
-3006
-3007
-3008
-3009
-3009
-3010
-3011
-3013
-3013
-3014
-3015
-3015
-3015
-3015
-3016
-3017
-3017
-3017
-3018
-3019
-3021
-3021
-3021
-3022
-3022
-3023
-3025
-3027
-3027
-3027
-3027
-3028
-3028
-3028
-3030
-3030
-3030
-3031
-3032
-3032
-3036
-3037
-3037
-3042
-3042
-3043
-3043
-3044
-3046
-3046
-3047
-3048
-3048
-3049
-3049
-3050
-3050
-3051
-3052
-3055
-3055
-3056
-3057
-3058
-3061
-3064
-3065
-3065
-3068
-3069
-3071
-3071
-3071
-3072
-3073
-3073
-3073
-3074
-3074
-3075
-3075
-3076
-3076
-3076
-3076
-3078
-3078
-3079
-3079
-3080
-3080
-3081
-3082
-3082
-3083
-3083
-3083
-3086
-3086
-3087
-3087
-3087
-3088
-3088
-3090
-3093
-3093
-3093
-3093
-3093
-3094
-3095
-3096
-3096
-3097
-3097
-3098
-3099
-3099
-3100
-3100
-3103
-3103
-3104
-3105
-3105
-3105
-3106
-3106
-3107
-3110
-3110
-3110
-3111
-3112
-3113
-3114
-3114
-3115
-3116
-3116
-3116
-3117
-3118
-3119
-3121
-3122
-3123
-3123
-3124
-3124
-3124
-3125
-3125
-3126
-3126
-3127
-3127
-3127
-3128
-3129
-3130
-3130
-3131
-3131
-3132
-3135
-3137
-3137
-3138
-3138
-3139
-3139
-3139
-3139
-3141
-3142
-3143
-3144
-3145
-3146
-3146
-3146
-3146
-3146
-3148
-3149
-3155
-3156
-3156
-3157
-3158
-3158
-3159
-3159
-3160
-3162
-3162
-3163
-3164
-3165
-3165
-3166
-3166
-3166
-3167
-3167
-3167
-3168
-3170
-3171
-3173
-3173
-3173
-3174
-3175
-3175
-3175
-3177
-3178
-3179
-3179
-3180
-3180
-3180
-3183
-3183
-3184
-3184
-3185
-3186
-3186
-3186
-3188
-3188
-3188
-3188
-3189
-3192
-3193
-3193
-3194
-3194
-3194
-3195
-3195
-3196
-3196
-3197
-3197
-3198
-3198
-3199
-3200
-3200
-3201
-3201
-3201
-3202
-3202
-3203
-3204
-3205
-3205
-3205
-3207
-3208
-3208
-3208
-3209
-3209
-3210
-3210
-3210
-3211
-3211
-3211
-3212
-3212
-3212
-3212
-3214
-3214
-3215
-3215
-3216
-3217
-3219
-3219
-3223
-3223
-3224
-3224
-3225
-3225
-3225
-3225
-3226
-3227
-3229
-3230
-3230
-3230
-3231
-3232
-3236
-3236
-3238
-3238
-3238
-3239
-3241
-3242
-3242
-3242
-3244
-3246
-3247
-3247
-3247
-3247
-3248
-3248
-3249
-3249
-3252
-3252
-3253
-3254
-3255
-3256
-3256
-3257
-3259
-3259
-3260
-3261
-3261
-3262
-3262
-3263
-3264
-3265
-3265
-3265
-3265
-3267
-3269
-3269
-3269
-3270
-3273
-3273
-3274
-3274
-3276
-3276
-3277
-3277
-3277
-3277
-3277
-3278
-3280
-3280
-3280
-3281
-3282
-3282
-3285
-3287
-3288
-3289
-3289
-3289
-3290
-3290
-3290
-3291
-3292
-3293
-3293
-3294
-3298
-3298
-3298
-3298
-3299
-3299
-3299
-3300
-3300
-3302
-3303
-3303
-3304
-3304
-3305
-3306
-3306
-3307
-3308
-3309
-3309
-3309
-3310
-3313
-3313
-3315
-3315
-3317
-3318
-3320
-3320
-3320
-3321
-3323
-3323
-3327
-3330
-3331
-3332
-3336
-3336
-3337
-3337
-3337
-3340
-3341
-3342
-3343
-3344
-3345
-3345
-3347
-3348
-3349
-3349
-3349
-3351
-3351
-3352
-3353
-3355
-3355
-3356
-3357
-3357
-3357
-3357
-3357
-3357
-3359
-3361
-3361
-3361
-3361
-3362
-3363
-3363
-3364
-3365
-3366
-3366
-3366
-3366
-3366
-3368
-3368
-3369
-3369
-3372
-3373
-3374
-3374
-3376
-3376
-3376
-3377
-3377
-3377
-3378
-3378
-3378
-3379
-3379
-3381
-3382
-3384
-3384
-3385
-3385
-3386
-3387
-3387
-3388
-3389
-3390
-3391
-3392
-3393
-3393
-3394
-3395
-3395
-3396
-3399
-3399
-3401
-3401
-3404
-3404
-3405
-3405
-3406
-3407
-3408
-3409
-3409
-3410
-3411
-3412
-3413
-3415
-3415
-3418
-3418
-3419
-3420
-3420
-3422
-3422
-3424
-3424
-3424
-3425
-3425
-3426
-3431
-3431
-3431
-3437
-3439
-3440
-3441
-3443
-3444
-3445
-3445
-3445
-3450
-3452
-3455
-3455
-3455
-3456
-3457
-3458
-3459
-3461
-3464
-3465
-3466
-3466
-3466
-3467
-3468
-3468
-3468
-3468
-3469
-3469
-3469
-3470
-3471
-3471
-3473
-3473
-3474
-3474
-3475
-3475
-3477
-3478
-3479
-3479
-3480
-3481
-3482
-3482
-3482
-3483
-3483
-3484
-3485
-3487
-3487
-3487
-3488
-3489
-3491
-3492
-3493
-3495
-3498
-3498
-3499
-3499
-3500
-3501
-3502
-3502
-3505
-3505
-3506
-3511
-3511
-3513
-3515
-3515
-3516
-3517
-3518
-3519
-3519
-3521
-3522
-3523
-3525
-3526
-3527
-3527
-3530
-3530
-3531
-3531
-3531
-3532
-3533
-3534
-3535
-3535
-3536
-3538
-3540
-3541
-3542
-3542
-3544
-3544
-3545
-3546
-3548
-3549
-3549
-3551
-3551
-3551
-3552
-3552
-3553
-3554
-3554
-3554
-3556
-3556
-3557
-3557
-3558
-3559
-3560
-3561
-3562
-3562
-3562
-3564
-3564
-3564
-3566
-3567
-3569
-3570
-3570
-3570
-3570
-3572
-3572
-3573
-3573
-3577
-3577
-3578
-3579
-3579
-3580
-3581
-3581
-3582
-3582
-3584
-3584
-3585
-3586
-3586
-3586
-3588
-3588
-3590
-3591
-3591
-3591
-3592
-3593
-3594
-3595
-3595
-3596
-3599
-3599
-3600
-3602
-3602
-3605
-3605
-3607
-3608
-3608
-3608
-3609
-3610
-3614
-3614
-3614
-3615
-3615
-3616
-3616
-3616
-3617
-3618
-3619
-3621
-3622
-3622
-3622
-3623
-3624
-3625
-3626
-3628
-3629
-3630
-3631
-3632
-3633
-3633
-3634
-3634
-3635
-3636
-3637
-3637
-3637
-3639
-3640
-3640
-3641
-3643
-3643
-3643
-3643
-3644
-3645
-3646
-3647
-3647
-3648
-3649
-3650
-3650
-3651
-3652
-3653
-3654
-3654
-3655
-3655
-3656
-3656
-3658
-3659
-3660
-3661
-3661
-3661
-3661
-3661
-3662
-3662
-3662
-3662
-3662
-3663
-3663
-3664
-3666
-3666
-3667
-3668
-3668
-3671
-3671
-3672
-3674
-3675
-3675
-3676
-3677
-3678
-3678
-3684
-3685
-3686
-3686
-3687
-3687
-3687
-3688
-3689
-3689
-3690
-3690
-3691
-3692
-3693
-3694
-3694
-3695
-3695
-3695
-3696
-3698
-3699
-3699
-3701
-3701
-3701
-3701
-3702
-3702
-3702
-3703
-3704
-3707
-3707
-3707
-3709
-3710
-3711
-3713
-3714
-3714
-3714
-3715
-3715
-3716
-3716
-3716
-3717
-3718
-3718
-3718
-3719
-3719
-3720
-3722
-3723
-3723
-3724
-3726
-3726
-3726
-3726
-3726
-3727
-3727
-3728
-3728
-3728
-3729
-3729
-3731
-3732
-3733
-3733
-3735
-3735
-3735
-3737
-3738
-3739
-3739
-3741
-3742
-3745
-3745
-3746
-3747
-3748
-3749
-3750
-3750
-3751
-3752
-3752
-3752
-3754
-3754
-3754
-3755
-3755
-3756
-3756
-3757
-3757
-3760
-3760
-3761
-3761
-3761
-3762
-3763
-3764
-3764
-3765
-3768
-3769
-3769
-3770
-3772
-3774
-3774
-3775
-3778
-3779
-3781
-3782
-3782
-3783
-3783
-3784
-3785
-3785
-3785
-3786
-3786
-3786
-3787
-3788
-3789
-3790
-3791
-3792
-3792
-3792
-3794
-3795
-3795
-3796
-3797
-3798
-3800
-3800
-3801
-3802
-3804
-3805
-3806
-3806
-3807
-3809
-3809
-3810
-3811
-3811
-3812
-3813
-3814
-3815
-3816
-3817
-3818
-3819
-3822
-3823
-3824
-3824
-3824
-3825
-3825
-3825
-3826
-3827
-3827
-3827
-3829
-3829
-3832
-3832
-3833
-3833
-3833
-3834
-3834
-3835
-3835
-3835
-3838
-3839
-3841
-3841
-3841
-3841
-3842
-3844
-3845
-3847
-3848
-3850
-3850
-3851
-3851
-3851
-3852
-3852
-3854
-3856
-3857
-3858
-3860
-3861
-3861
-3861
-3861
-3862
-3862
-3863
-3863
-3863
-3865
-3866
-3866
-3868
-3870
-3871
-3871
-3871
-3872
-3873
-3874
-3875
-3875
-3877
-3880
-3882
-3882
-3883
-3886
-3886
-3890
-3892
-3893
-3894
-3894
-3896
-3896
-3897
-3897
-3898
-3898
-3898
-3899
-3900
-3900
-3901
-3901
-3902
-3903
-3906
-3907
-3908
-3908
-3909
-3909
-3909
-3910
-3912
-3913
-3917
-3918
-3921
-3921
-3921
-3922
-3924
-3924
-3924
-3925
-3926
-3926
-3927
-3927
-3927
-3927
-3928
-3928
-3928
-3928
-3929
-3929
-3930
-3931
-3931
-3932
-3932
-3933
-3933
-3936
-3938
-3938
-3938
-3938
-3940
-3942
-3942
-3943
-3943
-3944
-3945
-3945
-3945
-3945
-3946
-3947
-3948
-3948
-3949
-3949
-3951
-3953
-3953
-3954
-3954
-3954
-3955
-3957
-3957
-3958
-3958
-3958
-3959
-3960
-3962
-3962
-3962
-3963
-3964
-3965
-3966
-3966
-3966
-3966
-3966
-3969
-3971
-3971
-3972
-3972
-3972
-3974
-3974
-3975
-3976
-3976
-3978
-3978
-3979
-3981
-3983
-3984
-3984
-3985
-3985
-3986
-3986
-3987
-3988
-3989
-3989
-3990
-3991
-3992
-3993
-3994
-3996
-3996
-3997
-3998
-3998
-3998
-3999
-3999
-3999
-4001
-4003
-4004
-4004
-4005
-4008
-4008
-4009
-4009
-4009
-4010
-4011
-4014
-4015
-4017
-4018
-4018
-4019
-4019
-4019
-4021
-4022
-4022
-4023
-4024
-4025
-4025
-4025
-4026
-4028
-4028
-4028
-4029
-4034
-4035
-4036
-4038
-4044
-4044
-4045
-4046
-4048
-4048
-4049
-4049
-4050
-4050
-4050
-4051
-4052
-4052
-4052
-4053
-4053
-4056
-4056
-4057
-4058
-4059
-4060
-4060
-4061
-4061
-4062
-4062
-4062
-4063
-4063
-4064
-4065
-4066
-4066
-4068
-4069
-4070
-4070
-4070
-4071
-4071
-4071
-4071
-4073
-4075
-4077
-4077
-4078
-4078
-4079
-4079
-4080
-4080
-4080
-4080
-4081
-4082
-4082
-4085
-4086
-4087
-4087
-4087
-4088
-4089
-4089
-4090
-4090
-4090
-4091
-4092
-4092
-4095
-4096
-4097
-4097
-4097
-4098
-4098
-4099
-4101
-4101
-4104
-4105
-4105
-4105
-4106
-4108
-4110
-4111
-4112
-4114
-4116
-4116
-4117
-4118
-4120
-4120
-4120
-4121
-4121
-4123
-4124
-4124
-4127
-4128
-4129
-4129
-4130
-4130
-4130
-4130
-4131
-4131
-4131
-4131
-4132
-4132
-4133
-4134
-4139
-4139
-4141
-4141
-4143
-4145
-4145
-4146
-4146
-4147
-4147
-4148
-4148
-4151
-4151
-4153
-4154
-4155
-4156
-4156
-4157
-4157
-4158
-4159
-4159
-4159
-4159
-4162
-4163
-4163
-4163
-4164
-4164
-4164
-4165
-4166
-4167
-4168
-4168
-4170
-4171
-4171
-4172
-4173
-4174
-4174
-4175
-4176
-4176
-4178
-4179
-4180
-4183
-4184
-4185
-4186
-4186
-4186
-4186
-4187
-4187
-4188
-4188
-4190
-4192
-4192
-4194
-4194
-4194
-4195
-4196
-4198
-4198
-4199
-4199
-4199
-4200
-4200
-4201
-4202
-4203
-4203
-4204
-4204
-4205
-4207
-4207
-4207
-4207
-4207
-4208
-4209
-4210
-4211
-4212
-4212
-4213
-4213
-4213
-4214
-4214
-4214
-4215
-4215
-4215
-4216
-4221
-4221
-4221
-4223
-4224
-4225
-4225
-4227
-4228
-4228
-4229
-4229
-4229
-4230
-4230
-4231
-4232
-4233
-4233
-4233
-4234
-4234
-4235
-4236
-4237
-4238
-4238
-4238
-4240
-4242
-4242
-4243
-4244
-4246
-4246
-4247
-4248
-4248
-4249
-4249
-4249
-4250
-4250
-4251
-4251
-4251
-4253
-4253
-4253
-4253
-4253
-4255
-4257
-4259
-4259
-4260
-4260
-4262
-4262
-4263
-4266
-4266
-4267
-4268
-4268
-4268
-4269
-4269
-4270
-4270
-4271
-4275
-4275
-4275
-4275
-4277
-4279
-4281
-4281
-4282
-4282
-4284
-4284
-4284
-4284
-4285
-4286
-4287
-4288
-4291
-4291
-4291
-4291
-4291
-4292
-4293
-4293
-4294
-4295
-4296
-4297
-4299
-4300
-4300
-4300
-4300
-4304
-4304
-4306
-4306
-4307
-4308
-4309
-4310
-4310
-4311
-4312
-4312
-4314
-4314
-4314
-4315
-4315
-4315
-4316
-4316
-4316
-4317
-4317
-4319
-4320
-4321
-4324
-4325
-4326
-4326
-4327
-4328
-4329
-4329
-4331
-4331
-4332
-4333
-4333
-4334
-4335
-4335
-4336
-4337
-4337
-4337
-4337
-4338
-4338
-4341
-4342
-4343
-4344
-4344
-4345
-4345
-4346
-4347
-4348
-4348
-4349
-4349
-4350
-4351
-4351
-4351
-4352
-4353
-4353
-4353
-4355
-4355
-4357
-4357
-4358
-4358
-4358
-4359
-4360
-4360
-4360
-4360
-4360
-4361
-4362
-4363
-4363
-4365
-4368
-4369
-4369
-4370
-4374
-4374
-4375
-4375
-4376
-4378
-4378
-4379
-4381
-4381
-4382
-4382
-4383
-4384
-4385
-4385
-4386
-4388
-4388
-4388
-4389
-4390
-4390
-4391
-4392
-4392
-4393
-4393
-4393
-4393
-4395
-4397
-4397
-4399
-4399
-4400
-4404
-4404
-4407
-4409
-4412
-4412
-4413
-4414
-4415
-4416
-4418
-4419
-4419
-4419
-4422
-4422
-4423
-4423
-4423
-4424
-4427
-4427
-4429
-4431
-4431
-4432
-4432
-4432
-4433
-4434
-4435
-4436
-4437
-4438
-4438
-4440
-4442
-4447
-4449
-4449
-4449
-4449
-4450
-4451
-4451
-4453
-4453
-4454
-4454
-4454
-4456
-4457
-4457
-4458
-4458
-4459
-4459
-4460
-4461
-4461
-4463
-4464
-4464
-4465
-4466
-4467
-4468
-4469
-4469
-4470
-4474
-4474
-4476
-4477
-4477
-4479
-4481
-4481
-4482
-4482
-4483
-4484
-4484
-4485
-4485
-4485
-4485
-4487
-4487
-4489
-4490
-4494
-4495
-4495
-4495
-4495
-4497
-4497
-4498
-4499
-4499
-4499
-4499
-4500
-4500
-4501
-4503
-4503
-4504
-4507
-4507
-4507
-4508
-4510
-4511
-4512
-4513
-4513
-4513
-4515
-4516
-4518
-4519
-4519
-4520
-4520
-4521
-4523
-4524
-4525
-4526
-4526
-4527
-4527
-4528
-4528
-4529
-4529
-4529
-4529
-4530
-4531
-4531
-4532
-4532
-4534
-4534
-4535
-4536
-4536
-4537
-4538
-4538
-4538
-4541
-4541
-4543
-4544
-4545
-4545
-4546
-4547
-4548
-4549
-4549
-4550
-4550
-4550
-4550
-4551
-4552
-4552
-4552
-4553
-4553
-4553
-4555
-4555
-4555
-4556
-4556
-4558
-4558
-4558
-4559
-4560
-4562
-4563
-4563
-4564
-4564
-4564
-4566
-4567
-4568
-4569
-4569
-4570
-4571
-4572
-4573
-4573
-4575
-4577
-4577
-4578
-4580
-4580
-4581
-4581
-4584
-4585
-4586
-4586
-4587
-4588
-4589
-4590
-4590
-4590
-4592
-4595
-4596
-4598
-4599
-4599
-4599
-4600
-4600
-4600
-4602
-4602
-4603
-4603
-4606
-4606
-4607
-4607
-4607
-4607
-4608
-4609
-4610
-4611
-4611
-4611
-4611
-4612
-4612
-4612
-4612
-4613
-4613
-4614
-4615
-4616
-4618
-4618
-4619
-4619
-4620
-4621
-4621
-4622
-4622
-4624
-4625
-4628
-4628
-4630
-4630
-4630
-4631
-4632
-4633
-4633
-4637
-4637
-4638
-4638
-4639
-4642
-4642
-4643
-4643
-4648
-4648
-4649
-4649
-4649
-4650
-4651
-4652
-4652
-4652
-4652
-4653
-4656
-4657
-4657
-4658
-4658
-4658
-4659
-4659
-4660
-4660
-4661
-4662
-4663
-4664
-4664
-4664
-4664
-4665
-4666
-4666
-4667
-4667
-4667
-4672
-4672
-4672
-4673
-4673
-4675
-4676
-4677
-4677
-4678
-4678
-4679
-4679
-4679
-4679
-4681
-4684
-4684
-4686
-4686
-4688
-4688
-4689
-4690
-4691
-4691
-4692
-4695
-4695
-4695
-4696
-4698
-4698
-4698
-4699
-4699
-4700
-4703
-4703
-4703
-4705
-4705
-4705
-4706
-4706
-4706
-4707
-4708
-4709
-4710
-4711
-4713
-4715
-4715
-4716
-4719
-4719
-4721
-4723
-4723
-4724
-4725
-4726
-4727
-4728
-4728
-4729
-4729
-4730
-4732
-4734
-4735
-4737
-4738
-4738
-4738
-4739
-4748
-4748
-4748
-4748
-4748
-4750
-4754
-4754
-4756
-4756
-4757
-4757
-4757
-4758
-4758
-4758
-4759
-4760
-4761
-4761
-4763
-4763
-4764
-4764
-4765
-4765
-4766
-4766
-4767
-4767
-4767
-4767
-4768
-4771
-4771
-4771
-4773
-4774
-4774
-4775
-4777
-4777
-4777
-4777
-4778
-4779
-4780
-4780
-4784
-4787
-4787
-4787
-4788
-4788
-4788
-4789
-4789
-4789
-4790
-4791
-4792
-4792
-4792
-4792
-4792
-4794
-4795
-4795
-4796
-4796
-4798
-4798
-4799
-4801
-4805
-4805
-4809
-4811
-4812
-4812
-4813
-4816
-4817
-4819
-4822
-4822
-4823
-4824
-4824
-4825
-4825
-4825
-4825
-4826
-4827
-4829
-4829
-4830
-4831
-4831
-4832
-4833
-4835
-4835
-4835
-4836
-4836
-4838
-4839
-4842
-4843
-4843
-4844
-4845
-4845
-4845
-4845
-4848
-4848
-4848
-4849
-4850
-4852
-4853
-4853
-4854
-4854
-4856
-4858
-4858
-4858
-4859
-4859
-4859
-4860
-4861
-4861
-4863
-4864
-4865
-4865
-4866
-4866
-4866
-4866
-4867
-4867
-4868
-4869
-4869
-4870
-4871
-4871
-4873
-4874
-4874
-4876
-4876
-4878
-4879
-4879
-4880
-4882
-4883
-4883
-4884
-4884
-4885
-4886
-4886
-4887
-4888
-4889
-4890
-4891
-4891
-4891
-4892
-4892
-4894
-4896
-4896
-4900
-4900
-4901
-4901
-4902
-4902
-4905
-4905
-4906
-4906
-4906
-4907
-4907
-4908
-4908
-4910
-4910
-4912
-4912
-4914
-4914
-4914
-4916
-4917
-4917
-4918
-4920
-4921
-4921
-4922
-4923
-4924
-4925
-4925
-4926
-4926
-4928
-4928
-4929
-4931
-4931
-4932
-4932
-4933
-4934
-4935
-4937
-4940
-4942
-4943
-4945
-4946
-4946
-4947
-4947
-4947
-4948
-4950
-4950
-4950
-4953
-4953
-4954
-4954
-4956
-4957
-4957
-4958
-4958
-4959
-4959
-4959
-4960
-4961
-4962
-4962
-4964
-4964
-4966
-4967
-4967
-4969
-4969
-4970
-4971
-4971
-4971
-4971
-4972
-4972
-4973
-4973
-4974
-4974
-4975
-4975
-4976
-4976
-4977
-4977
-4978
-4979
-4980
-4983
-4983
-4984
-4985
-4985
-4985
-4986
-4986
-4986
-4987
-4987
-4990
-4990
-4990
-4991
-4991
-4992
-4994
-4996
-4996
-4996
-4996
-4997
-4998
-4998
-4998
-4999
-5000
-5000
